4
245083
0
0
erase 10,85843,97792,131586,163328,197122,228864,262658,294400,328194,359936
new 2,236404,236916
new 2,235892,236404
new 2,235380,235892
new 2,234868,235380
new 2,234356,234868
new 2,233844,234356
new 2,233332,233844
new 2,232820,233332
new 2,232308,232820
new 2,231796,232308
new 2,231284,231796
new 2,230772,231284
new 2,230260,230772
new 10,196384,196607,196608,196609,229376,229378,229473,229474,229975,230260
new 2,195872,196384
new 2,195360,195872
new 2,194848,195360
new 2,194336,194848
new 2,193824,194336
new 2,193312,193824
new 2,192800,193312
new 2,192288,192800
new 2,191776,192288
new 2,191264,191776
new 2,190752,191264
new 2,190240,190752
new 2,189728,190240
new 2,189216,189728
new 2,188704,189216
new 2,188192,188704
new 2,187680,188192
new 2,187168,187680
new 2,186656,187168
new 2,186144,186656
new 2,185632,186144
new 2,185120,185632
new 2,184608,185120
new 2,184096,184608
new 2,183584,184096
new 2,183072,183584
new 2,182560,183072
new 2,182048,182560
new 2,181536,182048
new 2,181024,181536
new 2,180512,181024
new 2,180000,180512
new 2,179488,180000
new 2,178976,179488
new 2,178464,178976
new 2,177952,178464
new 2,177440,177952
new 2,176928,177440
new 2,176416,176928
new 2,175904,176416
new 2,175392,175904
new 2,174880,175392
new 2,174368,174880
new 2,173856,174368
new 2,173344,173856
new 2,172832,173344
new 2,172320,172832
new 2,171808,172320
new 2,171296,171808
new 2,170784,171296
new 2,170272,170784
new 2,169760,170272
new 2,169248,169760
new 2,168736,169248
new 2,168224,168736
new 2,167712,168224
new 2,167200,167712
new 2,166688,167200
new 2,166176,166688
new 2,165664,166176
new 2,165152,165664
new 2,164640,165152
new 10,130764,131071,131072,131073,163840,163842,163937,163938,164439,164640
new 2,130252,130764
new 2,129740,130252
new 2,129228,129740
new 4,128714,129185,129187,129228
new 6,128200,128285,128286,128546,128547,128714
new 8,127684,128168,128169,128178,128179,128188,128190,128200
new 2,127172,127684
new 2,126660,127172
new 4,126147,126292,126293,126660
new 4,125633,126057,126059,126147
new 6,125117,125233,125235,125554,125556,125633
new 8,124600,124832,124833,124954,124956,125090,125092,125117
new 2,124088,124600
new 2,123576,124088
new 2,123064,123576
new 2,122552,123064
new 2,122040,122552
new 2,121528,122040
new 2,121016,121528
new 2,120504,121016
new 2,119992,120504
new 2,119480,119992
new 2,118968,119480
new 2,118456,118968
new 2,117944,118456
new 2,117432,117944
new 2,116920,117432
new 2,116408,116920
new 2,115896,116408
new 2,115384,115896
new 2,114872,115384
new 2,114360,114872
new 2,113848,114360
new 2,113336,113848
new 2,112824,113336
new 2,112312,112824
new 2,111800,112312
new 2,111288,111800
new 2,110776,111288
new 2,110264,110776
new 2,109752,110264
new 2,109240,109752
new 2,108728,109240
new 2,108216,108728
new 2,107704,108216
new 2,107192,107704
new 2,106680,107192
new 2,106168,106680
new 2,105656,106168
new 2,236916,237428
new 2,104632,105144
new 2,104120,104632
new 2,103608,104120
new 2,103096,103608
new 4,102583,102983,102984,103096
new 2,102071,102583
new 2,101559,102071
new 2,101047,101559
new 2,100535,101047
new 2,100023,100535
new 2,99511,100023
new 2,98999,99511
new 8,84918,85331,98304,98306,98401,98402,98903,98999
new 2,84406,84918
new 2,83894,84406
new 2,83382,83894
new 2,82870,83382
new 2,82358,82870
new 2,81846,82358
new 2,81334,81846
new 2,80822,81334
new 2,80310,80822
new 2,79798,80310
new 2,79286,79798
new 2,78774,79286
new 2,78262,78774
new 2,77750,78262
new 2,77238,77750
new 2,76726,77238
new 2,76214,76726
new 2,75702,76214
new 2,75190,75702
new 2,74678,75190
new 2,74166,74678
new 2,73654,74166
new 2,73142,73654
new 2,72630,73142
new 2,72118,72630
new 2,71606,72118
new 2,71094,71606
new 2,70582,71094
new 2,70070,70582
new 2,69558,70070
new 2,69046,69558
new 2,68534,69046
new 2,68022,68534
new 2,67510,68022
new 2,66998,67510
new 2,66486,66998
new 6,65472,65535,65536,65537,66038,66486
new 2,64960,65472
new 2,64448,64960
new 2,63936,64448
new 2,63424,63936
new 2,62912,63424
new 2,62400,62912
new 2,61888,62400
new 2,61376,61888
new 4,60863,61272,61273,61376
new 14,60343,60381,60382,60396,60398,60405,60406,60428,60430,60521,60522,60525,60526,60863
new 24,59811,60039,60042,60049,60050,60067,60070,60156,60157,60160,60162,60173,60174,60180,60182,60195,60198,60252,60254,60261,60262,60293,60294,60343
new 2,59299,59811
new 2,58787,59299
new 2,58275,58787
new 2,57763,58275
new 2,57251,57763
new 2,56739,57251
new 2,56227,56739
new 2,55715,56227
new 2,55203,55715
new 2,54691,55203
new 2,54179,54691
new 2,53667,54179
new 2,53155,53667
new 2,52643,53155
new 2,52131,52643
new 2,51619,52131
new 2,51107,51619
new 2,50595,51107
new 4,50082,50182,50183,50595
new 2,49570,50082
new 2,49058,49570
new 2,48546,49058
new 4,48033,48387,48388,48546
new 2,47521,48033
new 2,47009,47521
new 2,46497,47009
new 6,45982,46241,46242,46352,46354,46497
new 2,45470,45982
new 2,44958,45470
new 2,44446,44958
new 2,43934,44446
new 2,43422,43934
new 2,42910,43422
new 2,42398,42910
new 2,41886,42398
new 2,41374,41886
new 2,40862,41374
new 2,40350,40862
new 2,39838,40350
new 2,39326,39838
new 2,38814,39326
new 2,38302,38814
new 2,37790,38302
new 2,37278,37790
new 2,36766,37278
new 2,36254,36766
new 2,35742,36254
new 2,35230,35742
new 2,34718,35230
new 2,34206,34718
new 2,33694,34206
new 6,32586,32770,32865,32866,33367,33694
new 2,32074,32586
new 2,31562,32074
new 2,31050,31562
new 2,30538,31050
new 2,30026,30538
new 2,29514,30026
new 2,29002,29514
new 2,28490,29002
new 2,27978,28490
new 4,27459,27702,27709,27978
new 2,26947,27459
new 2,26435,26947
new 2,25923,26435
new 2,105144,105656
new 2,369742,370254
new 2,369230,369742
new 2,368718,369230
new 2,368206,368718
new 2,367694,368206
new 2,367182,367694
new 2,366670,367182
new 2,366158,366670
new 2,365646,366158
new 2,365134,365646
new 2,364622,365134
new 2,364110,364622
new 2,363598,364110
new 2,363086,363598
new 2,362574,363086
new 4,362061,362170,362171,362574
new 2,361549,362061
new 2,361037,361549
new 8,327048,327471,327680,327681,360448,360449,360950,361037
new 2,326536,327048
new 2,326024,326536
new 2,325512,326024
new 2,325000,325512
new 2,324488,325000
new 2,323976,324488
new 2,323464,323976
new 2,322952,323464
new 2,322440,322952
new 2,321928,322440
new 2,321416,321928
new 2,320904,321416
new 2,320392,320904
new 2,319880,320392
new 2,319368,319880
new 2,318856,319368
new 2,318344,318856
new 2,317832,318344
new 2,317320,317832
new 2,316808,317320
new 2,316296,316808
new 2,315784,316296
new 2,315272,315784
new 2,314760,315272
new 2,314248,314760
new 2,313736,314248
new 2,313224,313736
new 2,312712,313224
new 4,312193,312609,312616,312712
new 2,311681,312193
new 2,311169,311681
new 2,310657,311169
new 6,310134,310351,310353,310366,310375,310657
new 2,309622,310134
new 2,309110,309622
new 2,308598,309110
new 2,308086,308598
new 2,307574,308086
new 2,307062,307574
new 2,306550,307062
new 2,306038,306550
new 2,305526,306038
new 2,305014,305526
new 2,304502,305014
new 2,303990,304502
new 2,303478,303990
new 2,302966,303478
new 2,302454,302966
new 2,301942,302454
new 2,301430,301942
new 2,300918,301430
new 6,300379,300629,300641,300642,300657,300918
new 2,299867,300379
new 2,299355,299867
new 2,298843,299355
new 2,298331,298843
new 2,297819,298331
new 2,297307,297819
new 2,296795,297307
new 2,296283,296795
new 2,295771,296283
new 10,261895,262143,262144,262145,294912,294914,295009,295010,295511,295771
new 2,261383,261895
new 2,260871,261383
new 2,260359,260871
new 2,259847,260359
new 2,259335,259847
new 2,258823,259335
new 2,258311,258823
new 2,257799,258311
new 4,257286,257648,257649,257799
new 2,256774,257286
new 2,256262,256774
new 2,255750,256262
new 2,255238,255750
new 2,254726,255238
new 2,254214,254726
new 2,253702,254214
new 2,253190,253702
new 2,252678,253190
new 2,252166,252678
new 2,251654,252166
new 2,251142,251654
new 2,250630,251142
new 2,250118,250630
new 2,249606,250118
new 2,249094,249606
new 2,248582,249094
new 2,248070,248582
new 2,247558,248070
new 2,247046,247558
new 2,246534,247046
new 4,246020,246222,246224,246534
new 2,245508,246020
new 2,244996,245508
new 2,244484,244996
new 2,243972,244484
new 2,243460,243972
new 6,242902,243078,243119,243174,243179,243460
new 8,242270,242378,242418,242534,242574,242690,242730,242902
new 12,241558,241598,241638,241754,241794,241910,241950,242066,242106,242222,242262,242270
new 10,240886,240974,241014,241130,241170,241286,241326,241442,241482,241558
new 12,240174,240194,240234,240350,240390,240506,240546,240662,240702,240818,240858,240886
new 10,239502,239570,239610,239726,239766,239882,239922,240038,240078,240174
new 10,238692,238798,238973,239099,239142,239258,239298,239414,239454,239502
new 10,238020,238136,238176,238292,238332,238448,238488,238604,238644,238692
new 4,237428,237824,237864,237980
new 2,370254,370766
new 2,383569,383999
new 2,383057,383569
new 2,382545,383057
new 2,382033,382545
new 2,381521,382033
new 2,381009,381521
new 2,380497,381009
new 2,379985,380497
new 2,379473,379985
new 4,378958,379126,379129,379473
new 2,378446,378958
new 2,377934,378446
new 2,377422,377934
new 2,376910,377422
new 2,376398,376910
new 2,375886,376398
new 2,375374,375886
new 2,374862,375374
new 2,374350,374862
new 2,373838,374350
new 2,373326,373838
new 2,372814,373326
new 2,372302,372814
new 2,371790,372302
new 2,371278,371790
new 2,370766,371278
new 2,0,1
new 2,24899,25411
new 2,24387,24899
new 2,23875,24387
new 2,23363,23875
new 6,22824,22865,22879,22946,22959,23363
new 2,22312,22824
new 4,21786,22193,22207,22312
new 2,21274,21786
new 4,20759,21051,21054,21274
new 2,20247,20759
new 2,19735,20247
new 2,19223,19735
new 2,18711,19223
new 2,18199,18711
new 2,17687,18199
new 2,17175,17687
new 2,16663,17175
new 2,16151,16663
new 2,15639,16151
new 2,15127,15639
new 4,14614,14798,14799,15127
new 2,14102,14614
new 2,13590,14102
new 2,13078,13590
new 2,12566,13078
new 2,12054,12566
new 2,11542,12054
new 92,10368,10400,10415,10416,10431,10432,10447,10448,10463,10464,10479,10480,10495,10496,10511,10512,10527,10528,10543,10544,10559,10560,10575,10576,10591,10592,10607,10608,10623,10624,10639,10640,10655,10656,10671,10672,10687,10688,10703,10704,10719,10720,10735,10736,10751,10752,10767,10768,10783,10784,10799,10800,10815,10816,10831,10832,10847,10848,10863,10864,10879,10880,10895,10896,10911,10912,10927,10928,10943,10944,10959,10960,10975,10976,10991,10992,11007,11008,11023,11024,11039,11040,11055,11056,11071,11072,11087,11088,11103,11104,11106,11542
new 108,9065,9391,9403,9438,9453,9454,9469,9470,9485,9486,9501,9502,9517,9518,9533,9534,9549,9550,9565,9566,9581,9582,9597,9598,9613,9614,9629,9630,9645,9646,9661,9662,9677,9678,9693,9694,9709,9710,9725,9726,9741,9742,9757,9758,9773,9774,9789,9790,9805,9806,9821,9822,9837,9838,9853,9854,9869,9870,9885,9886,9901,9902,9917,9918,9933,9934,9949,9950,9965,9966,9981,9982,9997,9998,10013,10014,10029,10030,10045,10046,10061,10062,10077,10078,10093,10094,10109,10110,10125,10126,10141,10142,10157,10158,10173,10174,10189,10190,10205,10206,10221,10222,10237,10238,10253,10254,10268,10368
new 2,8553,9065
new 2,8041,8553
new 2,7529,8041
new 2,7017,7529
new 2,6505,7017
new 2,5993,6505
new 2,5481,5993
new 2,4969,5481
new 2,3945,4457
new 2,3433,3945
new 2,2921,3433
new 2,4457,4969
zero 94,96,97,240,599,9391,9403,9438,9453,9454,9469,9470,9485,9486,9501,9502,9517,9518,9533,9534,9549,9550,9565,9566,9581,9582,9597,9598,9613,9614,9629,9630,9645,9646,9661,9662,9677,9678,9693,9694,9709,9710,9725,9726,9741,9742,9757,9758,9773,9774,9789,9790,9805,9806,9821,9822,9837,9838,9853,9854,9869,9870,9885,9886,9901,9902,9917,9918,9933,9934,9949,9950,9965,9966,9981,9982,9997,9998,10013,10014,10029,10030,10045,10046,10061,10062,10077,10078,10093,10094,10109,10110,10125,10126,10133
zero 214,10133,10141,10142,10157,10158,10173,10174,10189,10190,10205,10206,10221,10222,10237,10238,10253,10254,10268,10400,10415,10416,10431,10432,10447,10448,10463,10464,10479,10480,10495,10496,10511,10512,10527,10528,10543,10544,10559,10560,10575,10576,10591,10592,10607,10608,10623,10624,10639,10640,10655,10656,10671,10672,10687,10688,10703,10704,10719,10720,10735,10736,10751,10752,10767,10768,10783,10784,10799,10800,10815,10816,10831,10832,10847,10848,10863,10864,10879,10880,10895,10896,10911,10912,10927,10928,10943,10944,10959,10960,10975,10976,10991,10992,11007,11008,11023,11024,11039,11040,11055,11056,11071,11072,11087,11088,11103,11104,11106,14798,14799,21051,21054,22193,22207,22865,22879,22946,22959,27702,27709,32866,32867,46241,46242,46352,46354,48387,48388,50182,50183,60039,60042,60049,60050,60067,60070,60156,60157,60160,60162,60173,60174,60180,60182,60195,60198,60252,60254,60261,60262,60293,60294,60381,60382,60396,60398,60405,60406,60428,60430,60521,60522,60525,60526,61272,61273,65537,65538,98402,98403,102983,102984,124832,124833,124954,124956,125090,125092,125233,125235,125554,125556,126057,126059,126292,126293,128168,128169,128178,128179,128188,128190,128285,128286,128546,128547,129185,129187,131073,131074,163938,163939,196609,196610,229474,229475,237824,237864,237980,238020,238136,238176,238292,238293
zero 46,238293,238332,238448,238488,238604,238644,238798,238973,239099,239142,239258,239298,239414,239454,239570,239610,239726,239766,239882,239922,240038,240078,240194,240234,240350,240390,240506,240546,240662,240702,240818,240858,240974,241014,241130,241170,241286,241326,241442,241482,241598,241638,241754,241794,241910,241917
zero 42,241917,241950,242066,242106,242222,242262,242378,242418,242534,242574,242690,242730,243078,243119,243174,243179,246222,246224,257648,257649,262145,262146,295010,295011,300629,300641,300642,300657,310351,310353,310366,310375,312609,312616,327681,327682,360449,360450,362170,362171,379126,379129
new 2,873,1385
new 2,25411,25923
new 2,2409,2921
new 6,1,96,97,240,599,873
new 2,1897,2409
new 2,1385,1897
zero 8,32770,32865,32867,33367,65535,65536,65538,65966
zero 6,65966,66038,85331,85843,97792,98232
zero 10,98232,98304,98306,98401,98403,98903,131071,131072,131074,131430
zero 8,131430,131586,163328,163840,163842,163937,163939,164200
zero 8,164200,164439,196607,196608,196610,197122,228864,229136
zero 10,229136,229376,229378,229473,229475,229975,262143,262144,262146,262334
zero 8,262334,262658,294400,294912,294914,295009,295011,295104
zero 6,295104,295511,327471,327680,327682,328090
zero 6,328090,328194,359936,360448,360450,360858
zero 4,360858,360950,383999,384000
