4
26041
0
0
erase 4,13214,32256,33307,65024
new 2,2449,2961
new 2,0,1
new 2,913,1425
new 20,1,24,25,82,427,451,471,481,499,514,515,516,522,555,562,608,609,613,614,913
new 2,1937,2449
new 2,4497,5009
zero 28,24,25,82,427,451,471,481,499,514,515,516,522,555,562,608,609,613,614,9744,9745,11447,11453,32794,32795,65537,65538,67200,67201
new 2,1425,1937
new 2,76681,76799
new 2,76169,76681
new 2,75657,76169
new 2,75145,75657
new 2,74633,75145
new 2,74121,74633
new 2,73609,74121
new 2,73097,73609
new 2,72585,73097
new 2,72073,72585
new 2,71561,72073
new 2,71049,71561
new 2,70537,71049
new 2,70025,70537
new 2,69513,70025
new 2,69001,69513
new 2,68489,69001
new 2,67977,68489
new 2,67465,67977
new 4,66952,67200,67201,67465
new 2,66440,66952
new 10,12696,12702,32768,32770,32793,32794,65536,65537,65938,66440
new 2,12184,12696
new 2,11672,12184
new 4,11154,11447,11453,11672
new 2,10642,11154
new 2,10130,10642
new 4,9617,9744,9745,10130
new 2,9105,9617
new 2,8593,9105
new 2,8081,8593
new 2,7569,8081
new 2,7057,7569
new 2,6545,7057
new 2,6033,6545
new 2,5521,6033
new 2,5009,5521
new 2,3985,4497
new 2,3473,3985
new 2,2961,3473
zero 4,12702,13214,32256,32768
zero 6,32770,32793,32795,33307,65024,65513
zero 6,65513,65536,65538,65938,76799,76800
